VERSION=[2, 19, 0, 31236, "59c418aa0c"]
AINVS=[1, 0, 0, -22442227122985365806140019829619195351264650303963380, 1494792882769884194322140639447353804389891718364698900054413322736138280709776]
DISCRIMINANT=-241864406447836329174721197341940707934751081848332062382599380103488116791581455943573758826363361323164121391100280212955756778570839625535366365756960800768
C4=1077226901903297558694720951821721376860703214590242241
GCD_C4_DISC=1
CONDUCTOR=28037018878619888802985582946322897872729584310346610630084308676972377835619082462904852425484868878943209065374402987083948877492638491819378
CONDUCTOR_FACTORIZATION=[2, 1; 3, 1; 73, 1; 89, 1; 193, 1; 3726579648773711794574190738002752681751825448645569993389310899832389472119732484862131456113113569215180364283236741267850855767978803, 1]
GLOBAL_REDUCTION=[28037018878619888802985582946322897872729584310346610630084308676972377835619082462904852425484868878943209065374402987083948877492638491819378, [1, 0, 0, 0], 1512, [2, 1; 3, 1; 73, 1; 89, 1; 193, 1; 3726579648773711794574190738002752681751825448645569993389310899832389472119732484862131456113113569215180364283236741267850855767978803, 1], [[1, 25, 0, 21], [1, 13, 0, 9], [1, 6, 0, 2], [1, 6, 0, 2], [1, 6, 0, 2], [1, 5, 0, 1]]]
MILLISECONDS=0
PROVEN_PRIMES=[1, 1, 1, 1, 1, 1]
